Passenger plane;Ту-134;37;9;29;850;2907;11000;2800; 8;10;32;80;100;50; 10;7;28;60;80;40; 60;5;25;50;60;35
Cargo plane;АН-74;28.07;8.65;31.89;550;1897;4325;8000;10;2.15;2.2; 2.2;2.2 
Passenger plane;Ту-134;37;9;29;850;2907;высота;2800; 8;10;32;80;100;50; 10;7;28;60;80;40; 60;5;25;50;60;35
Plane;Боинг-777;73.9;18.7;64.81;910;12000;10668;7406; 17;15;35;80;100;60; 70;10;30;60;75;45; 148;7;25;50;60;40
Passenger plane;Боинг-777;73.9;18.7;64.81;910;12000;10668;7406; 17;15;35;80;100;60; 70;10;30;60;75;45; 148;7;25;50;60;-40
Administrative plane;Gulfstream G550;29.39;7.87;28.5 ;926 ;  1865;15545;12501;19;700;1.14;1.88;2.24
Passenger plane;Боинг-747  ;70.51;19.33;59.64;917;14500;10668;12100; 14;15;30;80;100;60; 76;10;27;60;75;45; 266;7;25;50;60;40

Passenger plane;Airbus A320;37.57;11;31.4;853;10000;10668;2147; 10;15;30;80;100;50; 55;10;27;60;75;45; 95;7;25;50;60;40
Administrative plane;Dassault Falcon 7X;23.19;7.83;26.21;904;2907;15550;11020;14;300;2;1.5;1.5;1.5
Plane;Embraer Lineage 1000; 36.24;10.28; 28.72; 890 ;2370;12496; 8344;
Plane;Ту-135;37;9;29;850;2907;  ;2800;
Administrative plane;Dassault Falcon 900; 20.21; 7.55;19.33; 915.6;1135; 15550;8334;19;500;2;1.5;1
Cargo plane;АН-26;23.87;8.575;29.20;435;913;7300;1100;5500;11.1;2.2;1.6;2.3;1.7
Administrative plane;Gulfstream G550;29.39;7.87;28.5 ;926 ;  1865;15545;12501;19;700;1.14;1.88;2.24
Administrative plane;Hawker 800;15.6 ;5.36 ;15.66;  845;992.98;13100;5472;8;250;1;1;1.53
Administrative plane;Cessna 680 Citation Sovereign;19.37 ;6.2;19.24;848 ;2551;14326;5273;12
Cargo plane;АН-26;23.87;8.575;29.20;435;913;7300;1100;5500;11.1;2.2;1.6;2.3;1.7
Cargo plane;АН-12;33;10;38;670;2300;7200;18000;13.8;3;2.5 ;3;2.5
plane;Dassault Falcon 700; 20; 8;17; 915.6;1135; 15550;8334
